raise 243 0 168 22.144547223534197
arise 243 0 168 22.723112011165227
irate 243 0 194 22.734337631384943
arose 243 0 183 23.199313184427744
alter 243 0 196 24.000735253799924
saner 243 0 219 24.02729724475065
later 243 0 196 24.04664330088229
snare 243 0 219 24.219212872157115
stare 243 0 227 24.25792273375317
slate 243 0 221 24.312486938157043
alert 243 0 196 24.317564324954578
crate 243 0 246 24.5711008387231
trace 243 0 246 24.787373671812034
stale 243 0 221 25.089844824134065
aisle 243 0 196 25.20064145532872
learn 243 0 212 25.28590232736423
alone 243 0 182 25.384173817111243
leant 243 0 208 25.402324521132023
least 243 0 221 25.57604461512949
crane 243 0 263 25.67865489885234
atone 243 0 191 25.71900836907263
trail 243 0 219 25.80925410099535
react 243 0 246 25.8797930398356
scare 243 0 237 26.035791772420197
cater 243 0 246 26.061384969915856
trade 243 0 269 26.081746777108673
renal 243 0 212 26.123052913969307
store 243 0 246 26.134235318561736
snore 243 0 237 26.38513237447311
solar 243 0 232 26.426742918541198
trial 243 0 219 26.44635661711655
loser 243 0 215 26.486317310210424
roast 243 0 266 26.520787415741985
alien 243 0 220 26.56404452351477
teary 243 0 198 26.59423621236152
siren 243 0 244 26.689386627770546
saute 243 0 223 26.696478408015974
stole 243 0 224 26.731139355469203
grate 243 0 276 26.739912996193233
rinse 243 0 244 26.81644481425682
caste 243 0 248 26.886790255697324
share 243 0 238 26.898114130024112
trice 243 0 277 27.000424941914964
tenor 243 0 261 27.124357429698218
canoe 243 0 216 27.138008525217277
parse 243 0 270 27.169682944852696
route 243 0 255 27.185127873465266
stair 243 0 262 27.21024499413211
scale 243 0 255 27.24243966792337
layer 243 0 215 27.31213994172275
sonar 243 0 260 27.318316872675705
hater 243 0 261 27.333978924300563
clear 243 0 249 27.39067878845909
glare 243 0 270 27.43766418957319
train 243 0 264 27.47588363659819
adore 243 0 242 27.523321658365056
heart 243 0 261 27.540510837082156
plate 243 0 255 27.56619986555133
taper 243 0 268 27.587986898613263
large 243 0 270 27.71745866679012
rouse 243 0 248 27.745505410800746
paler 243 0 265 27.828588797339172
lance 243 0 273 27.842929234562504
shale 243 0 241 27.85253467432944
pearl 243 0 265 27.8783790239467
noise 243 0 256 27.88664415724177
dealt 243 0 257 27.917616614144453
lathe 243 0 245 27.927638428557607
score 243 0 255 27.94148619432559
spare 243 0 270 27.952530023207284
yearn 243 0 216 28.029714988786925
ratio 243 0 192 28.03103630668512
liner 243 0 226 28.111226476976576
shear 243 0 238 28.1567172238129
risen 243 0 244 28.158617166092068
steal 243 0 238 28.17614904538097
tamer 243 0 275 28.229116694443523
aider 243 0 221 28.347242492357637
snarl 243 0 240 28.369009937284787
crone 243 0 286 28.37307134408713
stone 243 0 256 28.40901845822966
blare 243 0 291 28.434501744022434
close 243 0 247 28.53649573825232
yeast 243 0 257 28.552930858744297
plane 243 0 286 28.570796921960678
tread 243 0 269 28.58102165591419
sauce 243 0 247 28.586348588877296
resin 243 0 244 28.658667857042477
urine 243 0 256 28.69956310386321
cause 243 0 247 28.723212686675293
slice 243 0 292 28.723355958116375
shire 243 0 273 28.785897333861044
great 243 0 276 28.796903135086524
early 243 0 215 28.799475313270953
leapt 243 0 255 28.81247558806983
cleat 243 0 264 28.829181613012924
lager 243 0 270 28.837031528456635
islet 243 0 270 28.838173156332253
arson 243 0 260 28.85999809864615
relay 243 0 215 28.86840984470185
earth 243 0 261 28.916125062113164
trope 243 0 302 28.921817140607992
realm 243 0 270 28.947275480493374
inter 243 0 270 28.982510415886118
tripe 243 0 308 29.005219917024096
shore 243 0 279 29.020822390641673
inert 243 0 270 29.022807558308656
stern 243 0 256 29.03599129813521
flare 243 0 292 29.059367084586363
cadet 243 0 277 29.076355852784047
crest 243 0 277 29.12500206691656
table 243 0 278 29.138845717701873
slant 243 0 317 29.17793970024237
carol 243 0 279 29.18146546127957
inlet 243 0 271 29.210924173618782
safer 243 0 287 29.213741631814376
afire 243 0 238 29.22923279740065
louse 243 0 256 29.23190771272833
horse 243 0 279 29.27481369012121
lapse 243 0 285 29.27509483326499
taker 243 0 279 29.324113038252307
utile 243 0 269 29.34739955471748
range 243 0 296 29.376411699319828
talon 243 0 278 29.37697203829275
panel 243 0 286 29.380193779996706
paste 243 0 288 29.42498141726046
leash 243 0 248 29.441898990720457
tonal 243 0 278 29.46690800217412
grace 243 0 302 29.47528616263271
haste 243 0 282 29.477659541838793
aside 243 0 223 29.481289046344404
clone 243 0 280 29.484359816569782
nurse 243 0 276 29.489244473817504
outer 243 0 255 29.50654360931256
spear 243 0 270 29.524529533310538
smear 243 0 270 29.54208660877499
ramen 243 0 276 29.605122466595045
salon 243 0 299 29.62374312811478
prone 243 0 303 29.62652132758797
prose 243 0 295 29.662059299023706
baler 243 0 291 29.662336771807926
tried 243 0 314 29.68743732116843
truce 243 0 308 29.694228848033326
acute 243 0 231 29.759846462091783
stage 243 0 278 29.77104512968841
meant 243 0 273 29.843251412386604
satyr 243 0 302 29.860345460067975
cruel 243 0 290 29.94347048039421
spire 243 0 297 29.959133766101736
relic 243 0 250 29.972866751157916
spore 243 0 295 29.97904454203031
haute 243 0 254 29.983025110562313
plier 243 0 277 29.991945155399275
artsy 243 0 302 30.00346866995831
coral 243 0 279 30.018003934517502
hotel 243 0 260 30.035820599085444
saint 243 0 345 30.041300523902766
onset 243 0 256 30.0723801838937
slain 243 0 326 30.077442987621353
water 243 0 297 30.083736096047975
laden 243 0 300 30.099873270701604
sedan 243 0 272 30.10383786230369
baste 243 0 295 30.10493145086479
drone 243 0 324 30.114771960847726
suite 243 0 295 30.116411733238717
anode 243 0 242 30.12638509232773
peril 243 0 277 30.179611582564092
slide 243 0 314 30.192290197552122
delta 243 0 257 30.206189656195335
tribe 243 0 326 30.24213506107356
petal 243 0 255 30.297059856244672
poise 243 0 277 30.2978748206689
merit 243 0 298 30.30222092742575
agile 243 0 263 30.32787741814575
caper 243 0 304 30.337509964233913
pleat 243 0 263 30.36598270913886
enact 243 0 287 30.379531779788994
snail 243 0 326 30.379531779789
regal 243 0 270 30.42568874358229
their 243 0 295 30.444483382760197
brace 243 0 326 30.49135181525001
coast 243 0 329 30.49324124882102
eclat 243 0 285 30.494185921705174
drape 243 0 327 30.504710297528902
scone 243 0 268 30.508757167679132
cairn 243 0 311 30.5280398756442
beast 243 0 295 30.615669898603894
tilde 243 0 311 30.618895705176538
tapir 243 0 310 30.632467251670114
false 243 0 308 30.684547667555787
curse 243 0 304 30.685620560515005
lunar 243 0 258 30.7126986867685
actor 243 0 294 30.724755513510143
cedar 243 0 307 30.77133079500845
clean 243 0 273 30.772668123232084
triad 243 0 305 30.828116083904106
since 243 0 314 30.831853560199143
opera 243 0 224 30.832787858484185
argue 243 0 250 30.84039466233787
satin 243 0 345 30.84319669610999
style 243 0 277 30.860136907094947
ultra 243 0 255 30.932727759324145
after 243 0 291 30.93951195023739
lithe 243 0 295 30.949884895222535
motel 243 0 271 30.993997569135693
stead 243 0 263 30.995590827530425
payer 243 0 274 31.001697559500407
alike 243 0 271 31.024388132212067
timer 243 0 298 31.030091337976454
slope 243 0 294 31.06813010724747
pause 243 0 273 31.091698714238643
older 243 0 297 31.096727900836044
heard 243 0 295 31.10083005598976
penal 243 0 286 31.10374093465936
remit 243 0 298 31.105328571846062
farce 243 0 329 31.107974453763465
snort 243 0 330 31.116043004038417
reach 243 0 296 31.136271316399277
ashen 243 0 257 31.14803206908095
polar 243 0 293 31.156486495554798
slime 243 0 316 31.158203520621367
grail 243 0 294 31.159524244750756
waste 243 0 306 31.193183816201092
dance 243 0 329 31.220348970540655
nicer 243 0 292 31.2232487067119
sepia 243 0 237 31.22496206060082
anime 243 0 257 31.226807105809073
metal 243 0 264 31.227466024107418
royal 243 0 260 31.228256707713168
anger 243 0 296 31.24248559080601
place 243 0 331 31.283817990003044
write 243 0 339 31.308407220455084
poser 243 0 295 31.309064421429447
shade 243 0 286 31.32404486253583
tiger 243 0 321 31.36854969562584
forte 243 0 336 31.375501972059617
miser 243 0 283 31.408143955266855
skate 243 0 305 31.41010925649401
grape 243 0 329 31.41613541363634
trend 243 0 320 31.425696290984586
heron 243 0 287 31.440359382055263
gayer 243 0 272 31.4417991382843
swear 243 0 298 31.488620724157286
rainy 243 0 276 31.490842364174732
taken 243 0 290 31.494239863423424
feral 243 0 292 31.499858000312795
smile 243 0 316 31.551158805043972
unite 243 0 303 31.559114048944302
valet 243 0 308 31.561852275499376
harem 243 0 304 31.575539846395497
ready 243 0 281 31.580231362160806
brine 243 0 338 31.581795045875776
price 243 0 336 31.58896093917657
shone 243 0 292 31.612401596498575
ulcer 243 0 290 31.613182652405555
stain 243 0 345 31.61435420008495
grade 243 0 341 31.626197411036376
borne 243 0 337 31.67768334239585
stray 243 0 302 31.686515944846274
sober 243 0 317 31.689373024435877
other 243 0 301 31.696514596702333
feast 243 0 304 31.72415678940445
ovate 243 0 252 31.746330991251973
grant 243 0 341 31.790632994970995
those 243 0 308 31.800857724002594
space 243 0 312 31.816641356507013
metro 243 0 301 31.817417398724285
smote 243 0 302 31.853999247059058
trash 243 0 352 31.85903726866145
stein 243 0 303 31.874921197784506
untie 243 0 303 31.875179407657022
loath 243 0 342 31.87672862296916
wrote 243 0 352 31.88550608794399
cutie 243 0 310 31.915950327627552
ocean 243 0 239 31.919302578301068
angle 243 0 309 31.923814667560613
crime 243 0 338 31.950745023204245
idler 243 0 280 31.974950080347156
recap 243 0 304 31.98524454892731
salve 243 0 333 32.044887250477835
rayon 243 0 286 32.06144923878049
stake 243 0 305 32.09134186605711
recut 243 0 308 32.10659817907313
spiel 243 0 338 32.13913784798662
chase 243 0 298 32.17676078629273
bleat 243 0 288 32.196578309859476
radio 243 0 226 32.21050720191283
slave 243 0 333 32.2230252857583
rifle 243 0 310 32.22889944428236
drain 243 0 322 32.265397391860574
cameo 243 0 247 32.27368662360333
smite 243 0 332 32.273941643125994
cried 243 0 343 32.276874222815074
molar 243 0 310 32.28490557697116
avert 243 0 323 32.29739482490939
acorn 243 0 315 32.33216086277454
cream 243 0 313 32.33216086277454
email 243 0 302 32.345649692653694
serif 243 0 312 32.35328238680526
skier 243 0 308 32.36460090111463
angel 243 0 309 32.41389836360767
camel 243 0 333 32.425068804270566
shine 243 0 334 32.4768088280397
chore 243 0 345 32.521381136024985
prune 243 0 352 32.521887288490824
ideal 243 0 253 32.5249240378744
worse 243 0 337 32.54263276140983
death 243 0 305 32.55679280493663
swore 243 0 337 32.59532245291364
moral 243 0 310 32.60756660223025
spade 243 0 324 32.60996440230662
alive 243 0 302 32.61046917985702
plait 243 0 363 32.61210965293686
plant 243 0 356 32.62144615913157
repay 243 0 274 32.62485205691119
trove 243 0 361 32.66985220873032
cable 243 0 350 32.67954999990434
facet 243 0 313 32.68156476423744
ripen 243 0 317 32.68446077038091
nadir 243 0 322 32.68647523201864
drake 243 0 349 32.71680305573908
gruel 243 0 323 32.72585819777091
snake 243 0 317 32.748610760072964
teach 243 0 303 32.79444498602017
agent 243 0 293 32.79996588197615
manor 243 0 334 32.821538655567025
smart 243 0 359 32.82367007838024
spite 243 0 357 32.82993816698561
matey 243 0 264 32.85136599070893
flier 243 0 310 32.885921796321576
unset 243 0 326 32.887673659461335
leach 243 0 304 32.89155245293461
trawl 243 0 329 32.89480528189363
nosey 243 0 303 32.898683234540236
raven 243 0 333 32.90243565675442
stave 243 0 334 32.9133152619055
ankle 243 0 314 32.96953177152029
oaken 243 0 239 32.98275993935051
steam 243 0 291 32.983259011618664
diner 243 0 337 32.9872513179428
hairy 243 0 291 33.0030910219457
crave 243 0 367 33.01842459418446
shoal 243 0 335 33.024655718350644
rouge 243 0 329 33.029141399859085
gloat 243 0 346 33.030262725052
miner 243 0 314 33.041100239984075
droit 243 0 382 33.04134933646059
frail 243 0 317 33.051436166083505
labor 243 0 330 33.057785553892025
snide 243 0 349 33.0755822391628
salty 243 0 369 33.0793145944693
naive 243 0 314 33.1162422156306
horde 243 0 365 33.12121248673287
entry 243 0 257 33.13276548509155
flair 243 0 317 33.16876512572928
cider 243 0 343 33.17347942509861
carve 243 0 367 33.17447182381116
abort 243 0 335 33.184890218494495
brain 243 0 331 33.18823829364484
scant 243 0 387 33.2117892779655
fetal 243 0 285 33.214019557893515
heist 243 0 349 33.233590036509234
amuse 243 0 277 33.27331486376745
scent 243 0 319 33.287782217900485
crept 243 0 341 33.293097699844516
brute 243 0 368 33.29507533696522
towel 243 0 312 33.309409694626524
barge 243 0 357 33.34373764364308
grain 243 0 331 33.37642746021429
shame 243 0 312 33.41979995973213
surge 243 0 343 33.42534068216629
frame 243 0 360 33.43334232682624
filer 243 0 310 33.439496135206554
intro 243 0 338 33.44035757801072
gamer 243 0 338 33.44897078584723
sower 243 0 337 33.45918071627693
decal 243 0 325 33.462870286105534
bathe 243 0 333 33.47160064778263
rogue 243 0 329 33.48598233421869
usage 243 0 273 33.518533423263825
refit 243 0 337 33.52356680614586
weary 243 0 300 33.5341221792992
purse 243 0 356 33.53534933265067
olden 243 0 321 33.53915322270133
smelt 243 0 320 33.550684962415836
shape 243 0 317 33.56478755340021
wiser 243 0 322 33.59811968894185
comet 243 0 331 33.62554487337921
boast 243 0 379 33.62799246290412
abuse 243 0 275 33.63105169931517
noble 243 0 342 33.63496711589899
glade 243 0 366 33.64609909158893
ascot 243 0 329 33.646466017087846
phase 243 0 317 33.6782510403156
slept 243 0 341 33.6787398063707
goner 243 0 345 33.68607044619056
staid 243 0 356 33.69706341577042
spine 243 0 355 33.70719819887837
house 243 0 324 33.70817488443819
tower 243 0 352 33.7104943992326
meaty 243 0 328 33.719282691559215
octal 243 0 319 33.72208958004839
glean 243 0 309 33.74624357279542
tidal 243 0 351 33.76867421985379
lower 243 0 311 33.76879608483687
decor 243 0 356 33.78037125348697
chair 243 0 345 33.790237476082865
pride 243 0 380 33.798761521353384
beard 243 0 360 33.837336388599766
spelt 243 0 341 33.84183595232727
hoard 243 0 341 33.84414630663705
strap 243 0 365 33.853021464417644
opine 243 0 281 33.857518943645196
copse 243 0 323 33.85861283474807
adorn 243 0 316 33.877810947816585
maple 243 0 363 33.91496119907142
scary 243 0 321 33.93303597650938
pesto 243 0 306 33.936674029187444
paint 243 0 390 33.94625236936534
shalt 243 0 412 33.983569991225316
dream 243 0 344 33.988534506627126
sweat 243 0 306 33.989987398354266
apron 243 0 313 33.99676673876613
snipe 243 0 355 34.01370917827928
patio 243 0 261 34.05880753802602
wrest 243 0 357 34.08284364595482
pecan 243 0 325 34.10324291759743
baron 243 0 345 34.10444959273507
stand 243 0 377 34.11808205593732
savor 243 0 365 34.136290389109085
suave 243 0 305 34.14496908948922
super 243 0 356 34.146053771940444
dairy 243 0 329 34.16292217552142
treat 243 0 332 34.1716877784302
groan 243 0 344 34.19807807102327
uncle 243 0 349 34.21215437114078
stoke 243 0 313 34.215642473031835
filet 243 0 354 34.227908145476505
roach 243 0 366 34.23127442398362
force 243 0 368 34.23355849588089
diary 243 0 329 34.25038380318363
rivet 243 0 367 34.28304936543649
navel 243 0 345 34.33426680570211
prime 243 0 382 34.360385850107455
solve 243 0 342 34.36062538245796
tardy 243 0 356 34.363379884480764
value 243 0 313 34.36481692832418
story 243 0 364 34.364936679265256
craze 243 0 369 34.38409145808414
torus 243 0 379 34.39127174965166
scorn 243 0 370 34.42189083189884
voter 243 0 361 34.462753564652616
cheat 243 0 328 34.463111795309494
melon 243 0 310 34.470991927888356
credo 243 0 356 34.47182759386667
blade 243 0 380 34.47457321088674
adept 243 0 309 34.48758207550009
reign 243 0 348 34.48877530358397
broil 243 0 360 34.505118373330724
lemur 243 0 318 34.52431457448827
irony 243 0 376 34.52550653306875
bloat 243 0 372 34.52920134318041
sugar 243 0 353 34.536589777564
whale 243 0 340 34.55207652676573
pried 243 0 380 34.554696674552375
truly 243 0 322 34.58850258149366
piano 243 0 287 34.61573752634117
brake 243 0 373 34.630475893701366
rehab 243 0 317 34.63190185445106
scope 243 0 323 34.67405999815884
grope 243 0 388 34.67940032823937
cagey 243 0 297 34.684383894465185
serum 243 0 350 34.69173927903411
erupt 243 0 346 34.702769432759155
mealy 243 0 338 34.709528117012965
cigar 243 0 360 34.71142505499467
abode 243 0 293 34.71581132708098
relax 243 0 318 34.716166946474786
crude 243 0 394 34.72031557026993
shard 243 0 345 34.73263998571543
bluer 243 0 347 34.743064922552655
usher 243 0 333 34.75194734347023
azure 243 0 297 34.77088892437625
spice 243 0 370 34.773729271614044
debar 243 0 360 34.79064820017036
singe 243 0 372 34.803302438478916
token 243 0 334 34.80495779284442
adobe 243 0 293 34.806376605354664
guile 243 0 347 34.81843417740979
shied 243 0 370 34.81878874867192
creak 243 0 341 34.82836080827389
crash 243 0 386 34.8319053479932
ounce 243 0 313 34.84572560780618
lover 243 0 335 34.882788811596434
chose 243 0 335 34.89387650900766
valor 243 0 349 34.91262321569645
lemon 243 0 310 34.912741087658254
gripe 243 0 386 34.91521630693462
solid 243 0 394 34.93984107532671
abide 243 0 299 34.94231437491313
tuber 243 0 368 34.953971858575294
plain 243 0 402 34.957856822584915
retch 243 0 361 34.98915623503757
boule 243 0 351 35.008322122402234
verso 243 0 342 35.01890001936981
taste 243 0 347 35.02674359236504
court 243 0 419 35.03863688296109
image 243 0 302 35.05401922628007
liver 243 0 327 35.066226358058564
pedal 243 0 350 35.06810400117746
cargo 243 0 363 35.08112738331413
bread 243 0 360 35.08159660413153
finer 243 0 352 35.08781318758385
flora 243 0 319 35.093442350604164
party 243 0 372 35.1310641928738
print 243 0 410 35.16665649357341
maker 243 0 357 35.188883400091285
delay 243 0 322 35.208174329785635
sport 243 0 412 35.21845850505058
probe 243 0 402 35.23855072689639
ample 243 0 363 35.24006885942229
trite 243 0 376 35.28427075298655
mouse 243 0 341 35.290247206091244
splat 243 0 406 35.293512159346335
latte 243 0 319 35.29819840370294
steak 243 0 320 35.30248922381955
depot 243 0 363 35.31402781066908
chart 243 0 404 35.323815171034376
blast 243 0 429 35.34454609714958
float 243 0 369 35.35455780721309
nasty 243 0 376 35.371431599264305
organ 243 0 344 35.37713195784111
homer 243 0 354 35.407595854044175
grime 243 0 390 35.426419202293914
phone 243 0 355 35.42862622368362
spent 243 0 364 35.430252361998924
acrid 243 0 343 35.43280757142708
waist 243 0 408 35.43675616905032
overt 243 0 361 35.44558085555967
giant 243 0 413 35.44743840435886
wager 243 0 370 35.4540551310183
bride 243 0 402 35.47006946289251
short 243 0 415 35.470185482389226
olive 243 0 309 35.500221765474855
rebut 243 0 368 35.526873624245624
pilot 243 0 402 35.532549045828254
reply 243 0 316 35.53764457039727
stove 243 0 349 35.558945216415914
grave 243 0 398 35.580233110482126
crust 243 0 429 35.601392683935195
guise 243 0 343 35.610638821140874
blame 243 0 382 35.62658276791196
ralph 243 0 350 35.62889289288091
dirge 243 0 401 35.63143385735729
daisy 243 0 380 35.6354759274357
viral 243 0 327 35.63743905319688
daunt 243 0 402 35.642865955840904
basil 243 0 389 35.644828674599026
slang 243 0 424 35.68602083234351
shirt 243 0 411 35.686943361233006
pulse 243 0 391 35.69397685998328
aloft 243 0 369 35.7003173512245
shake 243 0 333 35.77079389690951
twine 243 0 398 35.772749596734265
stoic 243 0 413 35.78091636404203
shorn 243 0 388 35.78563153571889
plead 243 0 350 35.79437021115934
halve 243 0 364 35.80391132803159
orbit 243 0 397 35.80839362551564
scald 243 0 415 35.81287536200061
under 243 0 366 35.828040156381384
north 243 0 401 35.842165212585705
thorn 243 0 401 35.872119470062515
craft 243 0 424 35.87521675888049
curio 243 0 375 35.87590500897098
mayor 243 0 372 35.88198397809796
scour 243 0 411 35.89264836012026
straw 243 0 381 35.903653431928554
sneak 243 0 322 35.936533912965636
swine 243 0 384 35.940541669837856
inane 243 0 316 35.94899819610411
twice 243 0 387 35.95141761496292
amber 243 0 365 35.952447797049096
baker 243 0 373 35.99740366333071
antic 243 0 378 36.00186187067406
mural 243 0 354 36.024487335487855
ranch 243 0 390 36.051550661083574
rapid 243 0 357 36.075970145529055
hyena 243 0 339 36.093076757770866
stark 243 0 387 36.093076757770866
honey 243 0 353 36.10812387255014
inept 243 0 359 36.133757920361354
knelt 243 0 323 36.136718904970124
deity 243 0 339 36.146852746883646
mange 243 0 371 36.16415341621417
bagel 243 0 384 36.16529132798771
trait 243 0 380 36.19006364365593
scaly 243 0 427 36.19736571205901
erase 243 0 326 36.201618256493596
moist 243 0 448 36.20634599422953
flame 243 0 384 36.22986604940135
medal 243 0 361 36.230433977816745
scrap 243 0 390 36.25757058064205
rhino 243 0 393 36.26562816979955
state 243 0 347 36.26894539792581
begat 243 0 344 36.272662910461925
shave 243 0 360 36.301355059319086
sloth 243 0 445 36.30237531094658
brave 243 0 419 36.33421542318577
plied 243 0 413 36.339538270239345
exalt 243 0 351 36.34021772651122
tango 243 0 394 36.36172727495864
screw 243 0 387 36.370893267627324
brash 243 0 391 36.38740885492772
spied 243 0 402 36.38921832656579
baton 243 0 390 36.39012302864431
macro 243 0 387 36.39068845602188
coupe 243 0 349 36.40504736699235
infer 243 0 352 36.41589758951093
scram 243 0 384 36.45159009282056
mason 243 0 393 36.46208787759937
adult 243 0 398 36.465473615106475
clout 243 0 444 36.471002977092574
spoil 243 0 422 36.49164604391809
sinew 243 0 384 36.49976470591551
ridge 243 0 401 36.50258326343583
model 243 0 380 36.50314694882403
tease 243 0 347 36.50337520413489
voice 243 0 340 36.51430612762971
flirt 243 0 371 36.51599661480401
felon 243 0 343 36.53109482934801
flute 243 0 391 36.57410179830294
soapy 243 0 409 36.57826470872557
sonic 243 0 444 36.60941524379411
owner 243 0 351 36.61256255941997
hoist 243 0 464 36.614248510075484
frost 243 0 440 36.619643030564355
tarot 243 0 384 36.62175317072217
clued 243 0 409 36.62919387815305
abled 243 0 380 36.64862497387976
storm 243 0 406 36.651432083793885
today 243 0 376 36.664342021241424
foyer 243 0 330 36.68173518271973
noisy 243 0 438 36.7003535563244
fairy 243 0 359 36.705286963554826
board 243 0 412 36.707977633494096
covet 243 0 382 36.71403091987514
tramp 243 0 431 36.71638470617337
leafy 243 0 346 36.71761758163437
lodge 243 0 392 36.71896248947188
fecal 243 0 353 36.72411751324038
leaky 243 0 350 36.725013965248394
berth 243 0 400 36.728039329236054
crawl 243 0 409 36.741706386560885
rival 243 0 327 36.74607429169228
aloud 243 0 346 36.76589133931103
mince 243 0 394 36.7991196962437
cower 243 0 388 36.81264857616378
haunt 243 0 437 36.8285191050627
marsh 243 0 396 36.83354707114614
crony 243 0 440 36.84784509010976
biome 243 0 333 36.85041367741003
often 243 0 358 36.85097204226266
braid 243 0 380 36.85153039865502
lease 243 0 344 36.857674517543494
spray 243 0 395 36.857895063682975
grasp 243 0 413 36.85912320586166
strip 243 0 420 36.87575492045485
extra 243 0 330 36.88166909109756
nerdy 243 0 347 36.88267329003273
liken 243 0 385 36.887024502846735
draft 243 0 434 36.89594846168893
decay 243 0 327 36.913566942389075
flyer 243 0 344 36.91412435198233
basin 243 0 400 36.932736999447
prude 243 0 437 36.93307127261889
media 243 0 290 36.94332084794811
unmet 243 0 371 36.94643971953637
minor 243 0 426 36.95301076579761
amble 243 0 382 36.95768774787595
choir 243 0 445 36.98251038823622
inlay 243 0 382 36.99185630163337
twirl 243 0 357 37.00431384771621
heady 243 0 343 37.00464747431472
terra 243 0 332 37.01137290981441
edict 243 0 372 37.01209768477768
peach 243 0 363 37.014877229897664
wrist 243 0 442 37.024326122453076
rebus 243 0 363 37.03277250254233
scion 243 0 444 37.03399484533741
niche 243 0 388 37.048770889332346
randy 243 0 382 37.07630748434389
graze 243 0 401 37.077639381515574
faint 243 0 436 37.12511246919756
tepid 243 0 396 37.12998943937724
fable 243 0 404 37.13209520575276
swirl 243 0 358 37.133203455880796
track 243 0 426 37.13353592446941
posit 243 0 450 37.161784882940694
loose 243 0 353 37.1784255984594
lumen 243 0 381 37.18149104409467
whole 243 0 374 37.19244669387733
clerk 243 0 376 37.20992478626558
fiery 243 0 324 37.220208686925794
sadly 243 0 448 37.22042981486988
along 243 0 395 37.226841953875166
point 243 0 479 37.2356844716569
angst 243 0 427 37.26440816339722
amend 243 0 355 37.265843766820026
audit 243 0 363 37.28273556101132
tonic 243 0 462 37.2880333705157
surly 243 0 348 37.302157184043395
novel 243 0 371 37.31329798213024
raspy 243 0 395 37.320796844187775
wafer 243 0 394 37.334467362168496
upset 243 0 416 37.33512871188306
unlit 243 0 441 37.35870919618747
glide 243 0 429 37.36829140043759
while 243 0 401 37.376439847662866
haven 243 0 377 37.37798124596096
fried 243 0 414 37.391190624857025
break 243 0 373 37.40032438250254
sharp 243 0 405 37.401534713108184
forge 243 0 422 37.406815697466584
piety 243 0 370 37.41198593900024
skirt 243 0 428 37.41484576567836
clove 243 0 396 37.43914547249512
front 243 0 454 37.49516161553181
lurid 243 0 375 37.50712284242039
daily 243 0 442 37.53333641052593
adopt 243 0 386 37.54835434639146
lyric 243 0 335 37.5536146842161
salvo 243 0 408 37.55525838868231
aunty 243 0 390 37.57289628869927
grout 243 0 460 37.602785124264365
snout 243 0 479 37.61230514717643
maize 243 0 348 37.62477601380843
urban 243 0 390 37.66249163640256
poesy 243 0 407 37.697440511499714
setup 243 0 416 37.69776800390288
groin 243 0 451 37.70115192549168
warty 243 0 395 37.71413899822343
broke 243 0 422 37.72559446726032
brand 243 0 434 37.72930311176088
poker 243 0 384 37.7351925626937
corny 243 0 440 37.7356287817531
tonga 243 0 394 37.73650120474437
golem 243 0 384 37.743915985991244
foray 243 0 370 37.75688834935791
terse 243 0 391 37.77508843991823
until 243 0 441 37.78064129298238
scarf 243 0 403 37.78271079620715
ethos 243 0 396 37.788591923413534
cover 243 0 402 37.79011651069259
piney 243 0 363 37.807644845617915
crisp 243 0 448 37.80840676279688
clash 243 0 465 37.832562461918045
waive 243 0 373 37.843329626893926
prove 243 0 434 37.856159217033415
decry 243 0 363 37.87159245325207
hazel 243 0 370 37.873982955375425
first 243 0 444 37.876156008200795
cobra 243 0 395 37.87691654723612
croak 243 0 407 37.87724248786221
stony 243 0 459 37.901137160681486
yield 243 0 360 37.91079936325345
title 243 0 389 37.93422423647058
money 243 0 379 37.94736316152017
spilt 243 0 487 37.950074205845354
saucy 243 0 440 37.9530019162041
fresh 243 0 398 37.954303048317094
sandy 243 0 444 37.972622590302464
grand 243 0 438 37.989850070260296
rabid 243 0 380 38.00512073639574
gleam 243 0 359 38.02904327259851
rhyme 243 0 378 38.03466991796125
loamy 243 0 441 38.04137752282516
clasp 243 0 472 38.043000152777545
awoke 243 0 294 38.04862473419148
latch 243 0 462 38.0503552073581
chaos 243 0 413 38.06689888427194
fibre 243 0 421 38.09045850798481
asset 243 0 347 38.098715203012326
lunge 243 0 419 38.09899257342415
worst 243 0 462 38.141094788338705
paper 243 0 402 38.14883712048907
chafe 243 0 383 38.14897029669748
wheat 243 0 350 38.1523141988953
chant 243 0 479 38.17420412561643
ombre 243 0 411 38.17959380687511
cleft 243 0 377 38.19705115046592
stalk 243 0 450 38.19715888706888
shrew 243 0 423 38.213639008909425
scold 243 0 441 38.2247294683528
dunce 243 0 432 38.22537541535476
visor 243 0 410 38.25098918173796
plaid 243 0 450 38.28357350799331
guest 243 0 401 38.287550552247396
broad 243 0 412 38.30388434738024
graft 243 0 454 38.30635530181652
scalp 243 0 472 38.3161301243017
align 243 0 433 38.336853092927115
grief 243 0 421 38.35885227515327
drive 243 0 453 38.362285155509525
cyber 243 0 374 38.37022251499943
claim 243 0 455 38.37472677248548
voila 243 0 376 38.378158232886996
gazer 243 0 401 38.399490744420255
ovine 243 0 341 38.406134633631915
fault 243 0 456 38.40934900615872
abhor 243 0 378 38.42777288546644
boney 243 0 373 38.43387652500666
chute 243 0 428 38.436553254113846
globe 243 0 415 38.44468936614814
threw 243 0 428 38.44768644710004
white 243 0 418 38.450576268201004
drawl 243 0 433 38.455606179495625
blurt 243 0 402 38.46748272085627
vital 243 0 417 38.46812459160733
split 243 0 487 38.4766818451048
dicey 243 0 371 38.47850001630636
basic 243 0 406 38.49849423230858
wrath 243 0 450 38.50031137342357
freak 243 0 377 38.50170089405588
tempo 243 0 371 38.50373164170151
purge 243 0 435 38.507044736893114
sperm 243 0 406 38.511639848675735
brief 243 0 421 38.511746705216886
drove 243 0 463 38.532898462436144
stork 243 0 436 38.5503025630464
tumor 243 0 456 38.5546790449887
robin 243 0 436 38.555639669653594
mercy 243 0 355 38.55862812667306
flake 243 0 406 38.56033571241129
dirty 243 0 436 38.57666068380104
weird 243 0 428 38.60960967673286
gaunt 243 0 453 38.62335676484794
slurp 243 0 400 38.624741858936716
foist 243 0 487 38.64679013027089
elate 243 0 319 38.659928688495924
vicar 243 0 407 38.67712588062289
debit 243 0 423 38.68914715443869
gaily 243 0 460 38.694146053550945
beach 243 0 380 38.69648574189109
eater 243 0 332 38.70154014119784
viola 243 0 376 38.71158396465088
about 243 0 369 38.735282676117365
chide 243 0 436 38.73666376810851
gavel 243 0 423 38.751002967595596
glory 243 0 410 38.77106893741979
hover 243 0 407 38.81318430974314
wreak 243 0 387 38.83237036540841
patsy 243 0 465 38.855889498119524
hyper 243 0 382 38.87473690285514
power 243 0 419 38.88468634073892
thief 243 0 421 38.90616421225114
rusty 243 0 417 38.925621600725044
toast 243 0 445 38.93268072381568
third 243 0 454 38.93280991380825
incur 243 0 442 38.94126505390802
buyer 243 0 381 38.951620099308556
torch 243 0 473 38.95647968161268
above 243 0 327 38.98330211979646
vault 243 0 461 38.98477998528111
hovel 243 0 391 39.02170843180742
chain 243 0 457 39.04395413442897
amity 243 0 419 39.05101528488869
aptly 243 0 438 39.05270134092402
crank 243 0 462 39.06492307087904
chard 243 0 447 39.07250704941121
drank 243 0 446 39.08261673152247
wince 243 0 440 39.08872339739717
horny 243 0 436 39.162979922711465
lousy 243 0 481 39.17432686486892
caput 243 0 473 39.17852860206195
habit 243 0 455 39.19407111309656
clang 243 0 491 39.24212988286406
count 243 0 515 39.254921640093876
noose 243 0 376 39.25883220514676
omega 243 0 296 39.26288816902295
dowel 243 0 419 39.26582279856237
maybe 243 0 382 39.27085308185316
hardy 243 0 416 39.30238247271582
wider 243 0 428 39.31253771942361
ovary 243 0 403 39.328655095909895
quote 243 0 379 39.32959681622879
panic 243 0 453 39.335978993032334
curve 243 0 447 39.358778970179046
scout 243 0 506 39.36808342187203
perch 243 0 442 39.37090568597193
impel 243 0 412 39.37529547249191
spend 243 0 418 39.377176659763094
grove 243 0 459 39.402250574506084
glint 243 0 492 39.41008290129295
guard 243 0 448 39.417078463731954
waver 243 0 434 39.429709095929994
spoke 243 0 391 39.43555330839746
whose 243 0 396 39.44129231701944
tubal 243 0 454 39.44473532139426
hinge 243 0 439 39.447760743829576
shove 243 0 400 39.450055737112336
brunt 243 0 462 39.45610553407942
cheap 243 0 363 39.492801663821936
angry 243 0 403 39.49624017797453
prize 243 0 445 39.514782155193274
palsy 243 0 488 39.51821875680444
stank 243 0 472 39.53477274104356
smoke 243 0 388 39.54122587568328
dread 243 0 409 39.54685020034047
chest 243 0 416 39.56224330333319
exact 243 0 386 39.5662998376959
prank 243 0 451 39.568275947370736
began 243 0 394 39.57586745091691
racer 243 0 376 39.577293236371034
pinto 243 0 479 39.57805103840659
pasty 243 0 465 39.58252181789
quart 243 0 435 39.598737152604045
reset 243 0 391 39.61362701402799
bilge 243 0 444 39.617231158388066
mauve 243 0 383 39.619724071746795
prawn 243 0 452 39.64609779664041
moult 243 0 492 39.64890027129376
cloth 243 0 495 39.64941922634395
micro 243 0 452 39.67732900228945
flour 243 0 444 39.68749199833696
hasty 243 0 466 39.70729199503492
bloke 243 0 416 39.72231681582565
topic 243 0 477 39.727185710701235
fiber 243 0 421 39.72873948771429
grunt 243 0 472 39.76932333760819
thyme 243 0 400 39.77449687129901
beady 243 0 377 39.775221112316856
locus 243 0 463 39.78453160808154
pansy 243 0 481 39.7919784362003
decoy 243 0 400 39.79301260766492
quiet 243 0 414 39.797769450269776
start 243 0 430 39.81173029597567
alley 243 0 373 39.82686241731768
quite 243 0 414 39.8308448074202
mower 243 0 425 39.846339430040835
glaze 243 0 428 39.84799183417935
dwelt 243 0 412 39.84830165232704
final 243 0 452 39.853981224865954
round 243 0 485 39.8716343642868
parer 243 0 402 39.88001785538783
vapor 243 0 442 39.88164466002929
girly 243 0 397 39.890930316672
cease 243 0 370 39.89866925977933
demur 243 0 452 39.91423810915233
knead 243 0 376 39.9401082554305
arena 243 0 343 39.94839343987945
badge 243 0 436 39.96791800529182
otter 243 0 378 39.97049708768582
crypt 243 0 472 39.9751247823565
sling 243 0 510 39.98202148083799
tangy 243 0 466 39.989328624448156
modal 243 0 448 40.01494454013597
drawn 243 0 461 40.03180711370448
ladle 243 0 434 40.06106872751439
fruit 243 0 491 40.07074896171304
harpy 243 0 431 40.071262453484046
sworn 243 0 456 40.079888131589044
mirth 243 0 464 40.081530907432814
chime 243 0 446 40.093746940786225
curly 243 0 399 40.10257301822222
demon 243 0 402 40.116526572544025
movie 243 0 371 40.13068036695575
shark 243 0 434 40.13221852209133
girth 243 0 471 40.132218522091335
ethic 243 0 403 40.16563320896246
burnt 243 0 462 40.16573566523563
vaunt 243 0 467 40.18468558138085
heath 243 0 389 40.19030329054003
altar 243 0 371 40.19134659526121
spike 243 0 443 40.20987001511523
afoul 243 0 381 40.21826132183992
cabin 243 0 475 40.22000076388956
truer 243 0 416 40.24564490918715
broth 243 0 501 40.256716134796264
disco 243 0 461 40.26336018493035
lefty 243 0 373 40.26468886339751
viper 243 0 440 40.271127222673144
spurt 243 0 493 40.27357966023039
speak 243 0 375 40.28226417576711
bacon 243 0 459 40.28726969288634
hotly 243 0 478 40.30493726108647
gnome 243 0 429 40.32943436575936
focal 243 0 439 40.337902818987864
whine 243 0 452 40.3383108923119
burst 243 0 481 40.3614622926624
vague 243 0 367 40.36727355426025
faith 243 0 472 40.3737974827198
tract 243 0 473 40.37866708937512
crier 243 0 411 40.41207495871918
elfin 243 0 411 40.41933368477704
coven 243 0 423 40.439487696445674
inner 243 0 392 40.448631056016595
graph 243 0 468 40.46827625755732
admit 243 0 442 40.48403516724323
plume 243 0 468 40.511573113093036
trick 243 0 482 40.51726127772307
spurn 243 0 463 40.51888632095009
fetus 243 0 433 40.5496482826987
tulip 243 0 505 40.55928831790181
eight 243 0 404 40.56111459270854
neigh 243 0 439 40.5699404286665
diver 243 0 453 40.57754736718529
guide 243 0 433 40.59143902786186
dopey 243 0 408 40.596102315070496
troll 243 0 403 40.59972769455405
welsh 243 0 426 40.60948094877302
retro 243 0 378 40.621906750327675
scree 243 0 423 40.645279522730675
riser 243 0 351 40.67617779891844
savoy 243 0 448 40.6890535492192
manic 243 0 476 40.702502735544286
birth 243 0 478 40.716958182918084
brawl 243 0 475 40.72878155104155
audio 243 0 435 40.736055764212814
primo 243 0 482 40.74039946650101
fraud 243 0 465 40.752317015179806
blend 243 0 449 40.75261995827679
vista 243 0 434 40.754033662953994
fetid 243 0 437 40.75968799133502
shelf 243 0 418 40.768571780065734
extol 243 0 397 40.77876556133766
turbo 243 0 476 40.77886647712526
cramp 243 0 498 40.78340742911976
right 243 0 471 40.78683803533351
guilt 243 0 530 40.83382847428136
cloak 243 0 464 40.844005968895786
mourn 243 0 499 40.85891494622781
flesh 243 0 418 40.86173495163878
briny 243 0 487 40.88106689130748
donut 243 0 534 40.89133326689649
prism 243 0 497 40.89646548824013
mover 243 0 439 40.896867988166484
apple 243 0 427 40.90160700267717
agree 243 0 408 40.917130727692516
swarm 243 0 455 40.91980393955221
china 243 0 457 40.929859512572015
manly 243 0 506 40.95418378219992
linen 243 0 430 40.978479975442426
blaze 243 0 451 41.01794127835729
tweak 243 0 368 41.03429139757107
bicep 243 0 452 41.054444235532294
login 243 0 510 41.05835334183227
allot 243 0 418 41.06591558315544
glove 243 0 453 41.09562151297646
bison 243 0 489 41.098925928497
logic 243 0 486 41.1475602250739
dried 243 0 463 41.15216502045853
total 243 0 418 41.168943533113776
easel 243 0 344 41.23513014738696
march 243 0 491 41.2455547489685
sound 243 0 551 41.2501440891205
trunk 243 0 471 41.257924847013896
tense 243 0 439 41.26600577436071
croup 243 0 525 41.26919436860995
diode 243 0 404 41.28163245570502
askew 243 0 399 41.289830558356776
heavy 243 0 389 41.29282045486915
atoll 243 0 418 41.293395031579564
knave 243 0 445 41.3140424981363
built 243 0 538 41.318425035999454
bowel 243 0 444 41.32977763139365
spark 243 0 474 41.33744384836117
lapel 243 0 427 41.37114751986019
zonal 243 0 446 41.38639446282394
gland 243 0 531 41.3977284188082
flash 243 0 505 41.39802663890426
masse 243 0 416 41.40074079301774
tulle 243 0 424 41.4210346539707
slimy 243 0 531 41.42823514474874
denim 243 0 444 41.445416339100156
giver 243 0 459 41.456337094774675
gnash 243 0 507 41.46457539741131
sprig 243 0 490 41.467056493130535
shady 243 0 485 41.48898292614114
taint 243 0 487 41.498283552546944
forty 243 0 490 41.52279239896771
bribe 243 0 471 41.5363980987426
bleak 243 0 400 41.539042873499795
tiara 243 0 380 41.5546972909323
lusty 243 0 504 41.56400073285207
evict 243 0 431 41.57142577385514
bland 243 0 535 41.62118881731537
tawny 243 0 489 41.63730205419928
tunic 243 0 534 41.67958200483161
depth 243 0 472 41.688565905903985
gorge 243 0 478 41.70187629850774
yacht 243 0 511 41.716393839175744
froth 243 0 526 41.747062001141025
throb 243 0 501 41.75001915337716
slack 243 0 535 41.76046608086287
brawn 243 0 490 41.77504798664848
befit 243 0 459 41.78893547476346
covey 243 0 388 41.791298842918735
roost 243 0 497 41.79556286062133
cavil 243 0 504 41.79730513551454
sheik 243 0 430 41.8050824942689
sleet 243 0 405 41.811060074269754
whirl 243 0 433 41.82938971779683
wield 243 0 456 41.84394760487126
gauze 243 0 373 41.85240459148378
field 243 0 456 41.86803568433275
corer 243 0 421 41.88024497058556
flint 243 0 535 41.90095003350939
charm 243 0 491 41.901441096626094
ingot 243 0 514 41.905860405728404
anvil 243 0 468 41.90703880944698
unity 243 0 529 41.9135194376831
nomad 243 0 462 41.92363114376607
reuse 243 0 416 41.92363356747135
video 243 0 396 41.957973100648786
bused 243 0 473 41.97964312325582
agony 243 0 453 41.98493636056108
exist 243 0 427 42.004731074495574
drift 243 0 526 42.019619958387025
debut 243 0 469 42.033524545618505
prowl 243 0 491 42.06024369053704
crush 243 0 529 42.06474414673653
spout 243 0 557 42.07530854336417
bravo 243 0 482 42.09115016666363
zebra 243 0 426 42.1262347577245
shawl 243 0 519 42.13297468844898
equal 243 0 400 42.14615839205984
shout 243 0 571 42.15143071893335
binge 243 0 494 42.15670238642347
flout 243 0 530 42.181002107744334
quail 243 0 424 42.186952917065526
vocal 243 0 475 42.188708733200755
south 243 0 571 42.19075709300582
lasso 243 0 433 42.20092958161241
optic 243 0 477 42.22069081685206
laugh 243 0 514 42.2373547995092
sting 243 0 540 42.2467071369641
world 243 0 488 42.27553048641948
joist 243 0 535 42.30375053330265
piper 243 0 451 42.30528413598793
slink 243 0 549 42.31289368189493
vegan 243 0 440 42.3164920389712
mount 243 0 560 42.32689637713269
gauge 243 0 379 42.327271671408944
newly 243 0 409 42.33185455430636
steer 243 0 391 42.35019752174598
psalm 243 0 521 42.35255596096535
candy 243 0 528 42.38742418379523
carat 243 0 473 42.413270750338356
lingo 243 0 510 42.420808628044256
datum 243 0 505 42.42614382140184
could 243 0 557 42.43303007910454
hymen 243 0 405 42.4339998847733
agate 243 0 401 42.449457510716876
eaten 243 0 342 42.46604249110464
lurch 243 0 444 42.468704339531634
stamp 243 0 532 42.470932985867826
gonad 243 0 485 42.47199881886299
surer 243 0 416 42.476187726001626
forth 243 0 526 42.48817681739481
froze 243 0 487 42.49360039601261
deign 243 0 493 42.51867544807574
utter 243 0 416 42.52855128585664
cache 243 0 444 42.53132867603216
medic 243 0 449 42.53425519201505
prong 243 0 542 42.539769634330746
midst 243 0 562 42.58047699495696
choke 243 0 446 42.58279643215389
sigma 243 0 458 42.59081684535147
circa 243 0 426 42.59361760958233
clank 243 0 548 42.60289293156785
cloud 243 0 557 42.6168969045905
stall 243 0 493 42.61783987608024
stack 243 0 525 42.65058416669149
synod 243 0 547 42.651452540729586
three 243 0 466 42.67763244683233
women 243 0 434 42.68540175722461
derby 243 0 464 42.68810110382716
juice 243 0 435 42.70747354782563
ebony 243 0 488 42.72442927072293
sneer 243 0 384 42.728352058522844
shirk 243 0 497 42.73117115404456
duvet 243 0 502 42.734734291267344
octet 243 0 402 42.75755494413952
elite 243 0 389 42.77250525210268
femur 243 0 470 42.7853565259449
frank 243 0 505 42.789299849517135
proud 243 0 556 42.79324280971888
chief 243 0 475 42.794781427346436
blunt 243 0 531 42.808626497465916
virus 243 0 476 42.817757946950664
devil 243 0 486 42.82285148837506
favor 243 0 475 42.83486215899134
shaft 243 0 544 42.83639928171585
shiny 243 0 569 42.838608799004064
sumac 243 0 512 42.84744572877361
perky 243 0 445 42.88200751414469
harsh 243 0 472 42.88343355711296
bayou 243 0 418 42.99050407789082
below 243 0 444 42.99270567529648
abate 243 0 419 43.01131134782463
belch 243 0 476 43.02552482596997
risky 243 0 456 43.03604461778985
thank 243 0 537 43.04723102950246
light 243 0 533 43.056694184785876
oxide 243 0 404 43.08430706121686
bugle 243 0 501 43.1271722722027
growl 243 0 499 43.15721933568985
rearm 243 0 412 43.15956859759212
swept 243 0 481 43.195058403719926
tipsy 243 0 568 43.19839275186516
polka 243 0 470 43.20858473475625
ivory 243 0 480 43.20906093684502
detox 243 0 455 43.212775133035684
helix 243 0 443 43.224106220564245
being 243 0 494 43.22601031346886
torso 243 0 497 43.261144189161215
plank 243 0 544 43.265215983768925
cress 243 0 423 43.26900050671614
patch 243 0 553 43.282808918403504
label 243 0 457 43.29922488817345
sword 243 0 533 43.315313258498364
crown 243 0 550 43.33469020343313
major 243 0 480 43.34247653453672
snaky 243 0 534 43.350736112891816
bulge 243 0 501 43.381766671659115
brisk 243 0 513 43.40841435431524
jaunt 243 0 511 43.42376964393181
cello 243 0 408 43.44276842313736
aware 243 0 446 43.48318892025197
drier 243 0 463 43.48567712737541
flume 243 0 506 43.49961336244087
chord 243 0 566 43.52070488432311
valid 243 0 516 43.57268069099652
smirk 243 0 503 43.58514566171172
begin 243 0 494 43.59449205080203
crazy 243 0 509 43.61487722033873
ghost 243 0 587 43.62082110029266
steel 243 0 405 43.63088878842999
imbue 243 0 430 43.635724412302054
churn 243 0 532 43.654676335691974
frond 243 0 557 43.693309002303025
snack 243 0 554 43.695569368471816
scowl 243 0 539 43.715154312793075
humor 243 0 541 43.73962316123429
crass 243 0 461 43.81311585472533
worth 243 0 551 43.82412362205906
mango 243 0 504 43.82647113969352
lanky 243 0 544 43.8312596858088
epoch 243 0 481 43.84383886366754
swami 243 0 468 43.85209785333692
gusto 243 0 548 43.852660909626515
notch 243 0 572 43.8691740123457
pixel 243 0 497 43.87508344201736
handy 243 0 528 43.89140059065576
exult 243 0 441 43.89140059065577
gamut 243 0 546 43.897494521137375
widen 243 0 511 43.90105673483194
spree 243 0 486 43.91609169337393
eying 243 0 486 43.91783275007704
rough 243 0 545 43.925890456469745
tacit 243 0 506 44.005898018803514
tithe 243 0 476 44.01974419179301
shank 243 0 555 44.025926524074926
boxer 243 0 492 44.0493819471357
caulk 243 0 567 44.05339895387942
moose 243 0 452 44.06211408774454
goose 243 0 455 44.084803480126965
aping 243 0 496 44.11053158177423
nudge 243 0 526 44.110718168400425
cling 243 0 589 44.11230412285812
posse 243 0 450 44.13117302838039
quake 243 0 397 44.13767164401741
waxen 243 0 473 44.13851076134278
axion 243 0 451 44.146901057377875
slick 243 0 580 44.15090919148701
scrum 243 0 513 44.151095607473685
brush 243 0 549 44.1737392954262
fiend 243 0 491 44.184730810042495
zesty 243 0 432 44.208101976643604
slung 243 0 581 44.2214115006501
bench 243 0 494 44.225040675664175
trump 243 0 553 44.23080952040097
chirp 243 0 560 44.232856348972554
rodeo 243 0 481 44.273326276672115
lofty 243 0 537 44.275632000224384
theta 243 0 389 44.289548707454365
swath 243 0 562 44.30629344011986
bigot 243 0 562 44.3080581497636
input 243 0 570 44.30991566293408
titan 243 0 487 44.3306090561254
tacky 243 0 535 44.332756708943286
shunt 243 0 615 44.34788474324749
trout 243 0 543 44.35816308705533
group 243 0 572 44.361801689083805
porch 243 0 574 44.403526355519354
taunt 243 0 518 44.41666408112674
quasi 243 0 409 44.44215624348955
joker 243 0 466 44.44447111719981
crimp 243 0 570 44.450304064270746
vowel 243 0 481 44.45122985849631
valve 243 0 502 44.45377855039701
scrub 243 0 517 44.4549328425977
natal 243 0 464 44.47726497355157
midge 243 0 523 44.479827403098334
abase 243 0 423 44.49531420457705
scuba 243 0 502 44.50359841795792
truck 243 0 553 44.51404624721425
stink 243 0 583 44.54888544012706
twang 243 0 549 44.55073291216501
rebar 243 0 431 44.57166975620247
throw 243 0 551 44.57769728454055
odder 243 0 481 44.580349290781804
welch 243 0 495 44.582312836212054
admin 243 0 499 44.58665101912902
spawn 243 0 553 44.60141613816295
month 243 0 592 44.625122384896954
pouty 243 0 577 44.62899536040864
gravy 243 0 540 44.64098101214974
human 243 0 525 44.64319339598492
avoid 243 0 452 44.66890431707059
topaz 243 0 493 44.67268137740646
dozen 243 0 488 44.675352763854605
there 243 0 466 44.709311735291365
gourd 243 0 586 44.71779716464102
grind 243 0 571 44.72193816940793
among 243 0 504 44.72377849289845
aphid 243 0 476 44.72617080023053
syrup 243 0 530 44.72699887680222
clamp 243 0 595 44.731599023053164
lucid 243 0 571 44.75413290484534
query 243 0 427 44.760293256342514
ratty 243 0 446 44.76683824475381
venom 243 0 454 44.78593695224068
minty 243 0 573 44.79861550493732
spiny 243 0 607 44.8263488125793
joint 243 0 592 44.832223866748166
batch 243 0 578 44.84626579880965
ester 243 0 391 44.84695684791616
sight 243 0 616 44.860303335540905
cacti 243 0 506 44.867527109341815
magic 243 0 532 44.893223852459414
color 243 0 505 44.91010324756093
youth 243 0 582 44.926211845981335
order 243 0 481 44.942487253086384
feign 243 0 514 44.947732614767055
quota 243 0 458 44.986535531676054
match 243 0 587 44.99266406284438
legal 243 0 435 45.05241386716348
bible 243 0 518 45.05378587199048
vogue 243 0 463 45.06157543616114
borax 243 0 488 45.07262434740742
hydro 243 0 534 45.07280695128553
ruler 243 0 385 45.08236632084021
touch 243 0 609 45.08595248692255
macho 243 0 531 45.091793717085956
knife 243 0 513 45.10219653441694
fetch 243 0 492 45.124818941382415
silky 243 0 573 45.130837510166906
fixer 243 0 488 45.13594354523768
burly 243 0 494 45.14660964770052
spank 243 0 573 45.15964257403237
gecko 243 0 446 45.181143237479425
woken 243 0 466 45.218289761301136
totem 243 0 447 45.222736575778505
ardor 243 0 462 45.22645352849851
eager 243 0 408 45.2399018066307
shrug 243 0 537 45.24376482661408
hello 243 0 406 45.30298608281168
quest 243 0 482 45.30793479374711
drink 243 0 569 45.32518881684519
clown 243 0 591 45.342799308176815
elbow 243 0 455 45.380901701322074
suing 243 0 621 45.4209654158447
briar 243 0 461 45.421029918395064
bring 243 0 570 45.423592795318726
thrum 243 0 544 45.426854158429556
birch 243 0 567 45.429662366829774
peace 243 0 461 45.430570440089745
aorta 243 0 384 45.444282153013646
chasm 243 0 583 45.45474736653032
stock 243 0 585 45.46533867814097
enter 243 0 391 45.48185718237038
tryst 243 0 535 45.482060484035195
ghoul 243 0 593 45.48325681773119
dress 243 0 469 45.49852601866106
squat 243 0 541 45.502976709560635
foamy 243 0 542 45.50415239640874
unfed 243 0 510 45.511115457342484
drown 243 0 577 45.51274303225092
cycle 243 0 479 45.520405694441415
deter 243 0 473 45.5328391955359
aglow 243 0 496 45.54970947727043
scamp 243 0 582 45.56009806312264
nasal 243 0 501 45.56057719320207
thong 243 0 610 45.56208517484905
apart 243 0 504 45.566187360898205
smith 243 0 628 45.62481528827545
woman 243 0 523 45.62860340950179
rally 243 0 443 45.632077247758055
child 243 0 617 45.655562141445515
stool 243 0 529 45.67241860985179
spicy 243 0 617 45.68052309072585
fluke 243 0 532 45.682504964167485
fancy 243 0 571 45.68998125818398
nobly 243 0 586 45.714653355419046
tying 243 0 593 45.72671442455233
pivot 243 0 573 45.73517327633079
blond 243 0 615 45.77169035989396
vigor 243 0 562 45.79847501062812
trust 243 0 570 45.80734983738377
wagon 243 0 541 45.82290907861155
frisk 243 0 561 45.8457144279171
minus 243 0 602 45.86088178293328
hefty 243 0 461 45.87048219001406
rumba 243 0 489 45.96037728715158
umbra 243 0 489 45.96798743533032
repel 243 0 451 46.00076869930211
retry 243 0 375 46.01287401936581
grimy 243 0 585 46.0362433767747
greet 243 0 483 46.05284283311463
bonus 243 0 602 46.05385003908562
toxin 243 0 596 46.08618586182739
stomp 243 0 599 46.08707879457809
blank 243 0 600 46.08940033876763
madly 243 0 610 46.09502513401758
shrub 243 0 549 46.128313441458594
testy 243 0 437 46.132216602506645
payee 243 0 428 46.137717252181254
motif 243 0 583 46.14668757564815
press 243 0 486 46.16601623549473
canon 243 0 531 46.20816668982185
filth 243 0 591 46.226610196442714
slunk 243 0 610 46.23702470117237
pique 243 0 483 46.29759595798071
shell 243 0 468 46.30868457938277
leper 243 0 451 46.3211719178204
unwed 243 0 524 46.32176674756698
weigh 243 0 522 46.32549787782477
envoy 243 0 521 46.33278159950781
slash 243 0 572 46.333398941522766
issue 243 0 394 46.370818850447144
stick 243 0 619 46.40626536969447
endow 243 0 476 46.427100081106786
brink 243 0 579 46.45456987498994
beret 243 0 500 46.455482703229606
erode 243 0 481 46.50401066585856
tutor 243 0 543 46.52254219417548
algae 243 0 435 46.54457905151578
given 243 0 557 46.55279652974086
stilt 243 0 571 46.58178568977789
stung 243 0 611 46.58301921896295
local 243 0 503 46.5901470909652
meter 243 0 462 46.60353689332867
dense 243 0 508 46.61737368048381
armor 243 0 488 46.62202450263485
vomit 243 0 596 46.6231973970184
drool 243 0 541 46.627084918649864
wooer 243 0 514 46.629931978479576
empty 243 0 486 46.67445156105699
thing 243 0 628 46.675509573625
tough 243 0 628 46.69217010927111
morph 243 0 595 46.704595526995725
study 243 0 609 46.71182013644528
riper 243 0 451 46.72086799464287
wench 243 0 527 46.733311148604564
lunch 243 0 604 46.7426443293041
rocky 243 0 576 46.75338398578396
wreck 243 0 541 46.787963003569566
rerun 243 0 432 46.80764553868532
dusty 243 0 609 46.80968279997307
loyal 243 0 498 46.82855337180562
whelp 243 0 517 46.860469539689646
grass 243 0 496 46.86106583582957
wrack 243 0 581 46.86635302441827
rabbi 243 0 461 46.882826538158135
hound 243 0 643 46.89435531290191
puree 243 0 516 46.91369431796102
roger 243 0 478 46.9157374422815
flask 243 0 602 46.919446604555276
quilt 243 0 612 46.920148265954
ditch 243 0 630 46.92084991686009
limbo 243 0 569 46.92313020984489
watch 243 0 605 46.93830010772454
rider 243 0 463 46.93853787080042
mocha 243 0 531 46.95153687960302
abbey 243 0 442 46.97225087340771
sheer 243 0 456 47.003459855220896
shall 243 0 572 47.026483519889354
still 243 0 571 47.034971097640636
night 243 0 628 47.03717889151911
lying 243 0 617 47.05650994404411
junta 243 0 511 47.062019151672956
gouge 243 0 485 47.076083077579355
woven 243 0 512 47.09051681819231
shaky 243 0 590 47.100827674469876
doubt 243 0 638 47.11681377660845
upper 243 0 516 47.12896122625306
genre 243 0 528 47.14545505303813
badly 243 0 629 47.17241713982348
flank 243 0 605 47.19396000151086
tally 243 0 539 47.19583633936929
havoc 243 0 562 47.1979709462944
alarm 243 0 502 47.213437772827255
tenth 243 0 503 47.23769168425224
alloy 243 0 498 47.2597885308775
toxic 243 0 591 47.272373200756626
eagle 243 0 435 47.281461359154484
rural 243 0 409 47.281584929735686
lynch 243 0 588 47.30030912520824
crowd 243 0 633 47.31205295113888
offer 243 0 494 47.32371763941498
droll 243 0 541 47.357327729665876
clink 243 0 645 47.36099765954406
fella 243 0 463 47.36278049273488
udder 243 0 530 47.38034671488026
friar 243 0 486 47.38242976257938
brown 243 0 605 47.38471286066407
wrong 243 0 620 47.398259076730525
mouth 243 0 640 47.400603221130986
prick 243 0 611 47.46229069038852
prior 243 0 555 47.52205465899331
rupee 243 0 516 47.524540580182716
snowy 243 0 634 47.54545480008428
pesky 243 0 511 47.56345452448992
tasty 243 0 550 47.571651927348555
salad 243 0 561 47.57611121967387
essay 243 0 417 47.5860684530655
music 243 0 609 47.59511058903245
lilac 243 0 535 47.613614034503
begun 243 0 554 47.63244805316842
drunk 243 0 607 47.63979109961705
arbor 243 0 501 47.64710813449494
plush 243 0 653 47.65326480559792
blind 243 0 661 47.6554236991899
grown 243 0 620 47.65948215439432
pound 243 0 666 47.662158818689214
libel 243 0 518 47.67421846626646
class 243 0 561 47.67603967151282
phony 243 0 649 47.694267073234435
leave 243 0 502 47.69979102517405
doing 243 0 664 47.70427490449158
chalk 243 0 638 47.74712953825311
wring 243 0 612 47.76031447134727
itchy 243 0 598 47.76746555945793
unfit 243 0 632 47.77444330016491
smell 243 0 507 47.806714191562556
shift 243 0 674 47.84941124946587
amply 243 0 617 47.85336725606206
sally 243 0 574 47.865449843913325
using 243 0 621 47.87460370127619
recur 243 0 472 47.89202533339957
leery 243 0 373 47.89867308920717
iliac 243 0 535 47.92197908961892
annul 243 0 536 47.94888809484595
spell 243 0 522 47.97050306794902
drill 243 0 520 48.007377133543834
opium 243 0 569 48.05691824793184
usual 243 0 531 48.06265527223419
radii 243 0 441 48.063061182783166
troop 243 0 588 48.09629686671127
niece 243 0 485 48.136046103146725
brass 243 0 515 48.15262755709879
privy 243 0 614 48.15264549359268
scene 243 0 471 48.180139560035734
gaudy 243 0 596 48.18963637588321
pithy 243 0 633 48.19330828553759
dwarf 243 0 589 48.20039513403266
wharf 243 0 568 48.20363936756772
guild 243 0 663 48.2590990644999
album 243 0 602 48.26745515230069
mecca 243 0 471 48.28532532111236
index 243 0 547 48.30384695002598
speck 243 0 544 48.3110879472704
pitch 243 0 660 48.31142867334392
serve 243 0 546 48.31143077658405
clung 243 0 654 48.31236565765558
ought 243 0 628 48.362595489874344
truss 243 0 570 48.400258322381376
axiom 243 0 483 48.417703124482735
blush 243 0 654 48.44166557319084
joust 243 0 656 48.474700716924424
preen 243 0 482 48.48367562538329
eking 243 0 507 48.48947007712946
vapid 243 0 575 48.5472310913036
dogma 243 0 545 48.55163880006038
gaffe 243 0 531 48.554154321521516
gusty 243 0 640 48.591120805328536
elder 243 0 456 48.61106403638274
canal 243 0 584 48.61290727624199
stunk 243 0 644 48.64207801511284
brick 243 0 624 48.648591947602014
rebel 243 0 484 48.652085807671085
think 243 0 664 48.66880496451084
honor 243 0 596 48.67169438813443
dryer 243 0 526 48.675798230058255
would 243 0 651 48.68148667178132
verse 243 0 546 48.70253310159473
cross 243 0 542 48.755379839422986
build 243 0 668 48.75868925965589
frown 243 0 629 48.788388963576566
godly 243 0 652 48.79446167603286
strut 243 0 570 48.831390860358006
attic 243 0 506 48.833751521283574
purer 243 0 516 48.87276860777222
forum 243 0 631 48.92080507581799
crepe 243 0 536 48.92423726597517
motor 243 0 599 48.95571702746967
mangy 243 0 631 48.99065906312164
gooey 243 0 484 48.991104642531134
smack 243 0 642 48.99410295126026
focus 243 0 631 49.023240315965225
belie 243 0 518 49.04229406395203
waltz 243 0 609 49.064020331367814
erect 243 0 422 49.077326634281796
crump 243 0 648 49.10954313450037
coach 243 0 600 49.153934381558464
small 243 0 620 49.160027046802064
egret 243 0 483 49.18921382402697
cumin 243 0 683 49.1975348228005
botch 243 0 671 49.20982939600458
grill 243 0 542 49.23129700628778
sewer 243 0 531 49.23384969200159
shack 243 0 643 49.25162469930635
edify 243 0 542 49.252042473228464
budge 243 0 605 49.2534628780574
liege 243 0 513 49.310479402341144
mogul 243 0 667 49.34995449615281
augur 243 0 542 49.35154262984209
musty 243 0 658 49.35337331259157
annoy 243 0 512 49.37870354068867
wordy 243 0 644 49.39046475558167
abbot 243 0 543 49.39232965408252
enjoy 243 0 564 49.39771308628641
creme 243 0 543 49.399945896821286
beset 243 0 542 49.46300879895222
steed 243 0 492 49.48209273803872
quark 243 0 570 49.48643976592476
balmy 243 0 664 49.48693871540816
shown 243 0 683 49.532986728083074
vinyl 243 0 657 49.5540846871766
dowry 243 0 644 49.56662291842957
moldy 243 0 657 49.57426055105489
sixty 243 0 655 49.5743435623362
arrow 243 0 514 49.58484285640804
betel 243 0 495 49.658305087231675
stash 243 0 627 49.6658164384205
apnea 243 0 423 49.690209667310825
slump 243 0 685 49.731566518267186
ficus 243 0 647 49.748775286605834
slosh 243 0 632 49.75034285988342
dingo 243 0 664 49.779455003641836
climb 243 0 685 49.7821830115742
mound 243 0 704 49.792680314355245
fudge 243 0 610 49.7965645819398
elide 243 0 499 49.806183650436544
squad 243 0 581 49.826141193362574
sooty 243 0 644 49.82872662076432
adage 243 0 505 49.84549856210444
donor 243 0 630 49.84712934310015
teddy 243 0 510 49.85092579842678
fleck 243 0 563 49.876249167259715
quash 243 0 598 49.882766931635665
agape 243 0 495 49.93977507270296
rower 243 0 514 49.96813799627541
rarer 243 0 488 49.977684735610936
jerky 243 0 518 50.00397416846642
rowdy 243 0 644 50.006689928238025
sleep 243 0 522 50.007901964964546
semen 243 0 518 50.00943059974034
banjo 243 0 573 50.02503801623178
stint 243 0 654 50.07347072035829
dodge 243 0 590 50.085191188606366
fritz 243 0 635 50.08686183957785
elope 243 0 448 50.096671605533885
sever 243 0 546 50.11210416956356
gipsy 243 0 683 50.11593867407729
pinch 243 0 704 50.13276924310318
carry 243 0 516 50.17604969856088
dimly 243 0 676 50.18232502981375
flush 243 0 683 50.23101267431061
siege 243 0 497 50.258352337813015
ether 243 0 466 50.276913758079566
green 243 0 528 50.30597870537273
robot 243 0 629 50.3294055294656
black 243 0 690 50.38929013404224
awful 243 0 591 50.38969847574066
ruder 243 0 530 50.48888562858627
sulky 243 0 684 50.525492735645436
creed 243 0 538 50.529705760941305
blown 243 0 679 50.54169839115087
ennui 243 0 528 50.54616503329615
swift 243 0 704 50.621185570129036
swamp 243 0 661 50.64329285949926
annex 243 0 516 50.6640795431222
bingo 243 0 666 50.68008984517234
dross 243 0 575 50.708728332803155
might 243 0 696 50.71134223223217
fluid 243 0 692 50.729273216119815
young 243 0 705 50.7459814594885
modem 243 0 576 50.752218354167
colon 243 0 654 50.795196048522584
flail 243 0 613 50.82876361092426
pouch 243 0 715 50.83615965151104
curvy 243 0 628 50.83802148515849
these 243 0 535 50.8951225791382
wrung 243 0 670 50.896351390881016
nerve 243 0 564 50.96721392347233
krill 243 0 557 50.99366970298651
frock 243 0 685 51.01039094224815
junto 243 0 660 51.011843058540244
druid 243 0 651 51.02757532033726
glass 243 0 606 51.0651224816734
bless 243 0 530 51.08405710637037
champ 243 0 683 51.10960449195234
amiss 243 0 537 51.15892113243363
blink 243 0 707 51.16738352060196
bound 243 0 728 51.16947457336179
swell 243 0 557 51.21792811581581
afoot 243 0 547 51.222048150530505
crumb 243 0 683 51.23554001094046
dutch 243 0 709 51.25971055778433
union 243 0 635 51.28074670353568
sauna 243 0 539 51.3206149364135
canny 243 0 648 51.35103162794316
proxy 243 0 678 51.35331405799849
swing 243 0 710 51.36300954493508
debug 243 0 605 51.37334404054455
undue 243 0 583 51.38175793032959
butte 243 0 575 51.41155507988809
qualm 243 0 666 51.457704719774334
found 243 0 726 51.475695496800704
stout 243 0 663 51.47945573708691
sheet 243 0 535 51.48254860025711
floor 243 0 598 51.50111536075634
sheen 243 0 504 51.53232366577602
obese 243 0 469 51.56905079878711
creep 243 0 536 51.57351351202039
equip 243 0 552 51.57481186246728
rover 243 0 532 51.57909743472717
revel 243 0 524 51.59820973324244
flack 243 0 697 51.60065779925258
catty 243 0 581 51.72461755852807
stood 243 0 652 51.727469864144396
conic 243 0 682 51.73898061936657
crack 243 0 652 51.75577944071341
tibia 243 0 561 51.79139332453379
idiot 243 0 639 51.798335110262876
pence 243 0 581 51.80322953826563
staff 243 0 646 51.818331643524544
frill 243 0 592 51.82020622928471
lever 243 0 524 51.82803097746218
blitz 243 0 688 51.84904395036213
sorry 243 0 546 51.86376341070898
genie 243 0 573 51.8659488316507
cough 243 0 734 51.92288426124764
witch 243 0 709 51.966061104481824
pupal 243 0 625 51.970477017866195
moron 243 0 642 51.973438998789824
vixen 243 0 618 51.980392636540294
piece 243 0 543 52.00673354116001
catch 243 0 683 52.02304615293277
lorry 243 0 490 52.03210227403994
imply 243 0 681 52.042186754478244
flaky 243 0 705 52.09703577310678
flown 243 0 702 52.09798366325193
stuck 243 0 717 52.120333075331224
showy 243 0 720 52.170603966576515
fling 243 0 728 52.1854313323197
hatch 243 0 683 52.18967844506003
taboo 243 0 543 52.207224300534136
wound 243 0 739 52.24832193070722
basis 243 0 535 52.2871353265061
plunk 243 0 710 52.29524351572577
bylaw 243 0 677 52.297761604629414
thick 243 0 723 52.30224665018822
ahead 243 0 448 52.367122649197
smock 243 0 727 52.41550426125506
gulch 243 0 725 52.47137476058902
dough 243 0 736 52.47278644606486
unify 243 0 714 52.47921697713929
limit 243 0 667 52.481024070773806
gross 243 0 596 52.4818666069117
truth 243 0 663 52.48852832944979
epoxy 243 0 594 52.52953612160454
dryly 243 0 607 52.53987904188251
occur 243 0 641 52.55152411606169
heave 243 0 531 52.55467956025089
river 243 0 529 52.611629314198744
silly 243 0 634 52.613100324892805
stump 243 0 730 52.613216201449035
fishy 243 0 693 52.62987369812098
blimp 243 0 732 52.63206302393123
fleet 243 0 520 52.63321460364782
steep 243 0 540 52.70377005754974
leggy 243 0 562 52.74391376222906
rigor 243 0 591 52.7850677226581
aloof 243 0 567 52.79639697562415
width 243 0 723 52.80535638638699
renew 243 0 546 52.81060130140149
offal 243 0 567 52.844862746579096
basal 243 0 636 52.855388751797555
hence 243 0 576 52.876851474628815
cheer 243 0 540 52.8916134110652
sloop 243 0 674 52.89187147934091
merge 243 0 607 52.90299475425491
block 243 0 729 52.94980059696116
penny 243 0 561 52.97439451230544
spool 243 0 674 52.989270855417146
kiosk 243 0 673 53.01920809832865
allow 243 0 583 53.02726566743123
sooth 243 0 730 53.03377234359771
shock 243 0 745 53.037938751840215
smoky 243 0 732 53.04228362725107
boost 243 0 716 53.05332301625062
owing 243 0 708 53.10632924900019
sixth 243 0 748 53.12058555395818
spiky 243 0 737 53.18848293184609
merry 243 0 503 53.19207911169554
petty 243 0 516 53.26179472779124
parry 243 0 574 53.27865789620421
snuck 243 0 746 53.29723223118496
milky 243 0 715 53.30703734962743
clump 243 0 745 53.31097433062912
harry 243 0 521 53.32011947011356
segue 243 0 568 53.323557187120066
mulch 243 0 739 53.337984987410316
newer 243 0 546 53.34333182455715
sappy 243 0 688 53.364258422215855
aging 243 0 614 53.404813210740315
fatal 243 0 628 53.49417049064551
pubic 243 0 722 53.49560868604115
ditto 243 0 639 53.49954666793685
elect 243 0 418 53.50519798851517
whiny 243 0 748 53.528215556136416
alibi 243 0 593 53.545174781202874
kebab 243 0 548 53.58712762327912
tabby 243 0 672 53.61575915687794
shoot 243 0 730 53.653999987677054
seize 243 0 571 53.6651953450025
larva 243 0 559 53.669647211947655
spill 243 0 708 53.692314513747014
ensue 243 0 475 53.69427979689675
await 243 0 566 53.7598460936007
revue 243 0 586 53.77504682055687
razor 243 0 555 53.83047616925809
sieve 243 0 565 53.84401266507131
wight 243 0 742 53.849836026194836
vodka 243 0 614 53.85801238891276
pasta 243 0 616 53.91040962952165
punch 243 0 768 53.94100481583469
quirk 243 0 675 53.95015898830027
coyly 243 0 697 53.96152608241407
berry 243 0 532 53.97383679156647
banal 243 0 661 53.97877898775589
sleek 243 0 559 53.989635986149565
fight 243 0 750 54.012975736085885
koala 243 0 576 54.12334133086691
humid 243 0 754 54.129116182040995
seven 243 0 599 54.18635673217135
flock 243 0 739 54.18777655628541
wispy 243 0 731 54.223989654394074
never 243 0 564 54.28363193666527
murky 243 0 688 54.28391208869354
blurb 243 0 648 54.2963873714127
error 243 0 554 54.300126309722025
elude 243 0 553 54.304938082934825
dandy 243 0 695 54.320118149918535
glyph 243 0 752 54.39190874723383
deuce 243 0 604 54.42405610366897
aroma 243 0 488 54.459612990448036
comma 243 0 625 54.523680323620994
finch 243 0 777 54.53109416648976
rugby 243 0 698 54.543318237231496
filmy 243 0 744 54.54867483695481
adapt 243 0 633 54.638935138576635
downy 243 0 769 54.651781176161954
stunt 243 0 714 54.65464525326602
guess 243 0 568 54.732050494680514
quoth 243 0 751 54.73537447253728
nylon 243 0 666 54.84165021140598
patty 243 0 636 54.86320297795103
sweet 243 0 570 54.86639338552372
greed 243 0 616 54.915274544329385
ozone 243 0 575 54.92041447737143
taffy 243 0 692 55.04790035938602
chess 243 0 583 55.058747389578876
judge 243 0 681 55.064069533846805
stoop 243 0 704 55.066464392458336
winch 243 0 786 55.07042166268283
etude 243 0 535 55.08031513168929
butch 243 0 778 55.114866065765305
ledge 243 0 636 55.126962531973824
gloss 243 0 658 55.18879517319732
apply 243 0 708 55.219754533974694
dally 243 0 705 55.29426008389314
marry 243 0 591 55.29991327115164
gayly 243 0 725 55.362503474555915
theme 243 0 588 55.38128894217736
droop 243 0 730 55.40775400961118
dying 243 0 798 55.42119218991756
lucky 243 0 750 55.43292302661306
ferry 243 0 540 55.451292499775505
dingy 243 0 798 55.496730935928355
where 243 0 623 55.513991157902296
spunk 243 0 795 55.545872346181405
pushy 243 0 784 55.564983501197965
drama 243 0 624 55.59926675459671
pinky 243 0 785 55.60666449576317
going 243 0 771 55.628528511048835
reedy 243 0 526 55.64225607831253
smash 243 0 713 55.690815984741334
gassy 243 0 665 55.71307982993374
belly 243 0 576 55.7368749675386
flung 243 0 779 55.7625247010546
pupil 243 0 751 55.77785550370441
mushy 243 0 776 55.78377480420357
agora 243 0 474 55.78690406516903
spoon 243 0 740 55.8754002818142
swung 243 0 795 55.911768239811444
roomy 243 0 713 55.912305866098606
bushy 243 0 769 55.9253829798889
bough 243 0 796 55.933476659702535
snoop 243 0 740 55.96437236257467
ionic 243 0 682 55.97126224979825
lumpy 243 0 771 55.974074544542766
fence 243 0 623 55.98025171758147
munch 243 0 802 55.986645090820026
wacky 243 0 740 56.02066697312618
eerie 243 0 540 56.02090186029151
skimp 243 0 789 56.05099736015985
thump 243 0 799 56.05694400995574
slush 243 0 759 56.0755838157095
creek 243 0 595 56.07666830396861
toddy 243 0 750 56.085285480281726
breed 243 0 636 56.12618180162328
caddy 243 0 729 56.160590473229725
crick 243 0 736 56.16211658458601
again 243 0 614 56.182221740172864
flick 243 0 792 56.193762967314015
bawdy 243 0 744 56.19530083497055
awake 243 0 561 56.22966630698849
beget 243 0 635 56.25629128732244
bunch 243 0 807 56.276235806877516
vouch 243 0 802 56.29502591640515
avail 243 0 630 56.299223205024
ninth 243 0 747 56.40935270172991
villa 243 0 630 56.44851301933057
crock 243 0 763 56.47799205154347
lymph 243 0 762 56.516670621641055
kneel 243 0 555 56.522257276045615
speed 243 0 615 56.546351318320085
juicy 243 0 776 56.62542348542773
usurp 243 0 693 56.62702230263287
flunk 243 0 779 56.65092650427642
evade 243 0 585 56.671800455412246
pluck 243 0 804 56.67503845681092
skill 243 0 746 56.7060178179809
theft 243 0 639 56.7367080457195
icily 243 0 718 56.73769721822688
savvy 243 0 734 56.817523657738874
wryly 243 0 659 56.824205494356605
swill 243 0 740 56.856186600189375
comfy 243 0 805 56.87002639155763
bliss 243 0 703 56.99368806213786
clack 243 0 781 57.051220630891194
twist 243 0 784 57.05365793256919
comic 243 0 744 57.05603606397539
windy 243 0 818 57.11178037263434
weave 243 0 626 57.14311776116753
soggy 243 0 782 57.21451464332317
cabal 243 0 741 57.27089570269738
batty 243 0 672 57.27620477643791
uncut 243 0 752 57.307583460525265
khaki 243 0 660 57.3143644724001
sense 243 0 636 57.32360300431625
spasm 243 0 754 57.37008861201842
chill 243 0 773 57.39080191124679
leech 243 0 550 57.42551951105133
duchy 243 0 815 57.45374149752591
folio 243 0 697 57.49743107387081
mambo 243 0 684 57.504118134546474
shyly 243 0 751 57.5591536915395
dusky 243 0 801 57.606604564327355
freed 243 0 639 57.6371519746083
defer 243 0 639 57.65710993333759
polyp 243 0 776 57.73965568458778
inbox 243 0 743 57.74360015245487
amaze 243 0 601 57.74583930775808
hitch 243 0 801 57.79110588070461
picky 243 0 810 57.794106529239535
sunny 243 0 799 57.81877509754741
crook 243 0 763 57.860719195225734
verge 243 0 694 57.86718956050376
thumb 243 0 824 57.88560366492697
stiff 243 0 792 57.90182186943496
enema 243 0 431 57.902426421116076
squib 243 0 787 57.93009041100734
plumb 243 0 825 58.0785822181986
tenet 243 0 623 58.07860146308341
award 243 0 664 58.125429000155094
mania 243 0 601 58.125617506016596
naval 243 0 694 58.12726158917805
whisk 243 0 818 58.142954809310616
fanny 243 0 747 58.15141344342381
fjord 243 0 782 58.15625950024992
loopy 243 0 776 58.19801536591818
seedy 243 0 544 58.198565335955834
hunky 243 0 820 58.33162523536876
floss 243 0 710 58.391123274674065
groom 243 0 776 58.397201954880764
husky 243 0 822 58.45059030253446
dwell 243 0 682 58.46409002993473
hippo 243 0 730 58.4858257493091
fungi 243 0 821 58.49619509034811
knoll 243 0 768 58.49941461477298
sully 243 0 749 58.62546298460573
sheep 243 0 629 58.632496815382346
brood 243 0 790 58.66030642665101
bleed 243 0 653 58.67445349984449
rumor 243 0 701 58.6780292026847
venue 243 0 653 58.68646640892113
chili 243 0 773 58.68994471510708
nymph 243 0 799 58.703782315580504
scoop 243 0 774 58.724601958391155
cabby 243 0 774 58.73130067818233
bleep 243 0 647 58.74062513142431
gawky 243 0 786 58.74842003415043
holly 243 0 718 58.765405586096904
swash 243 0 750 58.76928725928211
fatty 243 0 692 58.86893313041641
cynic 243 0 790 58.908245388828625
booty 243 0 787 58.936220852156076
conch 243 0 840 58.95518809619863
parka 243 0 664 58.963361042559036
sniff 243 0 819 59.09143703221551
whack 243 0 796 59.10298524388959
sushi 243 0 769 59.119047086324805
howdy 243 0 836 59.138276135220586
rigid 243 0 758 59.19906665189422
oddly 243 0 766 59.20780287672336
igloo 243 0 653 59.21431423150165
pixie 243 0 712 59.242150307984716
knack 243 0 796 59.26622129885334
furor 243 0 734 59.28181440896777
proof 243 0 781 59.40392065134865
happy 243 0 756 59.41144153776282
delve 243 0 720 59.46900238708585
abyss 243 0 683 59.47846573619465
visit 243 0 809 59.520673403568416
exile 243 0 590 59.550559179115275
unzip 243 0 817 59.58873371474742
quack 243 0 782 59.60261325407409
vying 243 0 851 59.63243297292415
quell 243 0 661 59.6594625279079
hilly 243 0 736 59.66510147504727
condo 243 0 816 59.70017553320378
thigh 243 0 835 59.706437764804036
shuck 243 0 876 59.71560087779592
scoff 243 0 800 59.838221442044045
clock 243 0 823 59.852993827584136
paddy 243 0 784 59.91787579677113
dolly 243 0 766 59.999643797595894
booze 243 0 698 60.00209822069197
chunk 243 0 878 60.01270702657167
broom 243 0 803 60.07096854556909
fugue 243 0 732 60.11808225021044
lupus 243 0 812 60.229556293427486
ruddy 243 0 776 60.31265920661616
lobby 243 0 818 60.32142506047391
swoon 243 0 817 60.363257931404625
digit 243 0 838 60.380162804986256
cinch 243 0 865 60.40911792569926
timid 243 0 819 60.43867982678298
booth 243 0 838 60.47695153881989
musky 243 0 856 60.51645275493136
karma 243 0 686 60.56866119618065
bulky 243 0 858 60.647350612737945
photo 243 0 794 60.69865494155519
rajah 243 0 681 60.857899155746225
tight 243 0 835 60.87388743584934
pagan 243 0 744 60.89129439642725
lipid 243 0 829 60.91168357679104
nutty 243 0 756 60.91284210395153
couch 243 0 870 60.91390914163163
ditty 243 0 773 60.93303897337404
golly 243 0 781 60.97181475165385
hedge 243 0 721 61.02845000436924
cliff 243 0 864 61.06910667935622
wheel 243 0 626 61.1081491848476
click 243 0 860 61.14418470140659
tweed 243 0 647 61.22662593968486
queer 243 0 616 61.23052417065558
curry 243 0 693 61.29808229784683
undid 243 0 855 61.45546080334465
salsa 243 0 727 61.48355145506427
alpha 243 0 677 61.49373201147419
wimpy 243 0 875 61.56941200278798
exert 243 0 564 61.57192954655964
rotor 243 0 720 61.61043544092369
missy 243 0 799 61.635366937759116
mossy 243 0 814 61.646849841758275
skulk 243 0 867 61.72168386013993
dilly 243 0 801 61.752113413084246
wooly 243 0 831 61.75216579348429
idyll 243 0 801 61.842828361388285
gumbo 243 0 869 61.84923179630386
ember 243 0 629 61.94334454629148
fifty 243 0 845 62.053528917787766
chump 243 0 915 62.14401752479595
outdo 243 0 726 62.15110519845944
blood 243 0 853 62.20127513369719
jelly 243 0 646 62.28897256798364
gloom 243 0 849 62.30142666151691
jetty 243 0 605 62.378209335052254
bossy 243 0 803 62.37861249706008
ninja 243 0 686 62.4175394308905
bitty 243 0 800 62.62077919909585
fewer 243 0 699 62.62295511180331
brook 243 0 830 62.64166386779819
forgo 243 0 816 62.6540229877973
pudgy 243 0 925 62.74793050320386
idiom 243 0 799 62.888084257626
needy 243 0 576 62.91606338491687
avian 243 0 659 62.98849182554913
chaff 243 0 847 63.04146186496136
skull 243 0 867 63.188076015972555
maxim 243 0 775 63.20703466905445
billy 243 0 831 63.27923658347467
worry 243 0 758 63.302511639060214
widow 243 0 863 63.31311683155193
flood 243 0 862 63.38479607219594
fauna 243 0 676 63.49144463739184
awash 243 0 750 63.537598332025965
dumpy 243 0 936 63.573442708617314
event 243 0 584 63.661912739100984
axial 243 0 662 63.733972402948005
civil 243 0 874 63.73849179323912
sweep 243 0 696 63.740085420323915
cocoa 243 0 711 63.83081102767752
fever 243 0 727 63.885480913459425
fifth 243 0 901 63.92142906041787
tepee 243 0 729 63.93597106806566
funky 243 0 927 63.957437497459836
baggy 243 0 862 63.9614939032223
folly 243 0 835 63.99355719784825
snuff 243 0 895 64.00710149384521
hutch 243 0 920 64.0341439366273
check 243 0 754 64.11289398125447
stuff 243 0 903 64.15820521794102
kitty 243 0 816 64.27323883468354
pulpy 243 0 905 64.36984892735565
cubic 243 0 885 64.40906033938701
bloom 243 0 884 64.43252337590943
kneed 243 0 686 64.51273625878808
swish 243 0 905 64.57886610965915
bevel 243 0 757 64.61303570857933
pooch 243 0 931 64.68452041896933
lowly 243 0 831 64.69504539276964
witty 243 0 825 64.82337392046142
juror 243 0 801 64.85269935993033
skunk 243 0 938 64.89055682860905
bosom 243 0 878 64.90515149492407
icing 243 0 893 64.94402171415844
outgo 243 0 766 64.96471502575552
array 243 0 681 65.0109259911769
pizza 243 0 747 65.04642945928681
shook 243 0 893 65.06194157436917
cacao 243 0 711 65.07553467286081
spoof 243 0 875 65.08047144927865
knock 243 0 935 65.0845556974682
every 243 0 571 65.12286297260785
penne 243 0 769 65.17865687266173
mucky 243 0 949 65.22164098837742
hunch 243 0 945 65.29875301452746
sassy 243 0 797 65.34363017855048
hurry 243 0 717 65.42062507783513
quick 243 0 938 65.52524648154947
willy 243 0 850 65.56985447222809
tatty 243 0 771 65.8550244755465
hippy 243 0 915 65.91751332195216
filly 243 0 877 65.96400106806992
hussy 243 0 906 65.97184787995744
melee 243 0 745 65.9952436348618
nanny 243 0 836 66.01638676864101
gruff 243 0 919 66.11222834783752
kinky 243 0 943 66.23488379747674
quill 243 0 892 66.27198313732798
verve 243 0 812 66.48103123776865
plump 243 0 953 66.59279502215504
elegy 243 0 562 66.5957001746288
putty 243 0 881 66.66651120237941
manga 243 0 791 66.67989809254851
mucus 243 0 926 66.69618687981576
swoop 243 0 920 66.77117323186675
queen 243 0 693 66.80504259206468
spook 243 0 909 66.84619859137828
dully 243 0 896 66.91661825771088
radar 243 0 728 66.91965891431524
hobby 243 0 944 66.96531440732616
cluck 243 0 961 67.08297642540846
mafia 243 0 708 67.25336715730135
dodgy 243 0 970 67.38751974014565
excel 243 0 672 67.4966738354426
livid 243 0 928 67.56452994321198
wedge 243 0 846 67.69334830992663
goody 243 0 970 67.75595232033992
beech 243 0 709 67.76765986230417
bezel 243 0 776 67.82509535881839
ovoid 243 0 879 67.9118654852845
belle 243 0 787 68.00879422090752
moody 243 0 978 68.06191762205745
piggy 243 0 981 68.28753860456084
buxom 243 0 981 68.37383852600759
macaw 243 0 871 68.41717786564668
papal 243 0 867 68.44172119515865
gully 243 0 928 68.63590384769905
geese 243 0 756 68.82034979558934
skiff 243 0 987 69.12822513835528
plaza 243 0 855 69.16535523572021
evoke 243 0 653 69.20350472066788
bongo 243 0 978 69.27719008224298
cheek 243 0 754 69.27757827414315
humus 243 0 987 69.29464336766115
affix 243 0 810 69.29720162062604
gypsy 243 0 982 69.41449437984129
bunny 243 0 998 69.46982093881101
furry 243 0 833 69.49735877666703
vigil 243 0 972 69.50147781436988
giddy 243 0 1007 69.83528230638221
bully 243 0 955 69.839840681185
biddy 243 0 1009 70.00608136779726
myrrh 243 0 787 70.04817681041845
which 243 0 1023 70.06953238746986
jolly 243 0 909 70.0746108301631
jewel 243 0 792 70.12919251451088
jumbo 243 0 994 70.25463902881167
slyly 243 0 944 70.4986184856568
chock 243 0 1031 70.51569452718714
enemy 243 0 549 70.70188702626095
daddy 243 0 948 70.71501434207369
allay 243 0 846 70.83543099182938
tooth 243 0 973 71.05349126878892
chick 243 0 1042 71.08502274461333
funny 243 0 1022 71.11949062807184
fussy 243 0 979 71.17014867548384
foggy 243 0 1026 71.18568620473457
onion 243 0 868 71.23785025946779
expel 243 0 738 71.23789732919658
aback 243 0 925 71.2809723494693
freer 243 0 761 71.44741293510687
dowdy 243 0 1031 71.47666695466863
woody 243 0 1031 71.63307237844316
fully 243 0 981 71.72218960806882
goofy 243 0 1026 71.75286762985705
teeth 243 0 718 71.93071155974599
sissy 243 0 939 72.11596089362456
embed 243 0 790 72.59997046389488
mammy 243 0 998 72.96494418660102
guava 243 0 828 73.0544265978579
weedy 243 0 740 73.07194551368771
geeky 243 0 701 73.55563222388159
tweet 243 0 784 73.62030353867071
eject 243 0 640 73.62992518380082
whoop 243 0 1045 73.66548422788996
bluff 243 0 1080 73.68632487607246
refer 243 0 761 73.75650651098763
llama 243 0 908 74.0636791974793
amass 243 0 875 74.17848699638282
ninny 243 0 1035 74.34613982697412
known 243 0 1063 74.3681959087295
jumpy 243 0 1113 74.96200892742189
dummy 243 0 1117 75.15153708828592
twixt 243 0 1062 75.16018919524568
beefy 243 0 726 75.59009942195051
muddy 243 0 1117 75.66367256596868
guppy 243 0 1108 75.73502135517667
level 243 0 860 75.75772596734484
humph 243 0 1121 75.88789371659962
assay 243 0 797 76.34997113132574
buddy 243 0 1134 76.6197091063153
motto 243 0 986 76.81451079100927
whiff 243 0 1137 77.3543739235224
puffy 243 0 1151 77.50470406953932
dizzy 243 0 1133 77.60001459559966
poppy 243 0 1118 77.63211739941296
gummy 243 0 1157 77.64597581107354
minim 243 0 1121 77.81680341284688
emcee 243 0 835 77.93290971885155
buggy 243 0 1164 78.08312197203593
madam 243 0 1011 78.16180326548245
chuck 243 0 1182 78.45348157576817
shush 243 0 1149 78.82821523507157
femme 243 0 957 79.14574772352655
boozy 243 0 1152 79.83958157937914
bobby 243 0 1168 80.62938630308919
booby 243 0 1168 81.07365849802274
pygmy 243 0 1194 81.08148630208704
jazzy 243 0 1111 81.19569994221116
mimic 243 0 1147 81.23477428770363
kayak 243 0 1038 81.27860910633729
fluff 243 0 1214 82.55616901144734
woozy 243 0 1197 82.70103788604337
fizzy 243 0 1208 82.72056761404352
jiffy 243 0 1214 83.35930296967454
queue 243 0 942 83.47047354971636
gamma 243 0 1055 84.85747744461779
magma 243 0 1055 84.87435408076021
puppy 243 0 1287 86.50476790341231
kappa 243 0 1075 86.96080892726997
civic 243 0 1249 87.82171770599521
mummy 243 0 1325 88.27005859725523
fuzzy 243 0 1352 89.77136552212193
vivid 243 0 1328 90.60578020969389
mamma 243 0 1232 97.40592942665147